# jours_ecoules 	 nombreTotalContaminesGrippe 	 nombreTotalContaminesAgentPathogene()
1	0	79981
2	0	80183
3	0	85864
4	0	92521
5	0	99447
6	0	106868
7	0	114505
8	0	122588
9	0	131031
10	0	139618
11	0	148432
12	0	157396
13	0	166538
14	0	175708
15	0	184438
16	0	192875
17	0	200426
18	0	207216
19	0	213163
20	0	218043
21	0	221633
22	0	224288
23	0	225971
24	0	226757
25	0	226765
26	0	226246
27	0	225591
28	0	224525
29	0	223751
30	0	223193
31	0	222298
32	0	221510
33	0	220793
34	0	220426
35	0	219908
36	0	219617
37	0	219349
38	0	218785
39	0	218643
40	0	218487
41	0	218135
42	0	217989
43	0	217829
44	0	217662
45	0	217466
46	0	217236
47	0	217200
48	0	217143
49	0	217252
50	0	217388
51	0	217459
52	0	217320
53	0	217239
54	0	217303
55	0	217292
56	0	217186
57	0	217092
58	0	217127
59	0	217125
60	0	217452
61	0	217351
62	0	217324
63	0	217266
64	0	217346
65	0	217487
66	0	217414
67	0	217479
68	0	217531
69	0	217488
70	0	217318
71	0	217326
72	0	217428
73	10	217622
74	13	217460
75	16	217414
76	20	217432
77	24	217614
78	35	217643
79	49	217734
80	63	217397
81	89	217357
82	124	217616
83	153	217630
84	210	217802
85	242	217828
86	311	217774
87	395	217731
88	481	217449
89	574	217496
90	677	217622
91	807	217579
92	925	217773
93	1052	217858
94	1164	217941
95	1351	218235
96	1446	218164
97	1628	218255
98	1815	218299
99	1968	218087
100	2136	218003
101	2312	218031
102	2455	218005
103	2644	217937
104	2846	217849
105	3014	217751
106	3222	217495
107	3346	217417
108	3529	217654
109	3637	217573
110	3924	217637
111	4228	217659
112	4415	217733
113	4715	217759
114	4978	217790
115	5206	217716
116	5471	217741
117	5746	217477
118	5966	217404
119	6177	217581
120	6468	217498
121	6631	217516
122	6826	217427
123	7080	217461
124	7257	217491
125	7465	217641
126	7634	217811
127	7934	217846
128	8009	217927
129	8263	217867
130	8496	217796
131	8770	217827
132	8994	217711
133	9257	217950
134	9461	218088
135	9674	218087
136	9951	218124
137	10187	218085
138	10424	218114
139	10662	218151
140	10822	218262
141	11044	218254
142	11167	218265
143	11344	218116
144	11520	218157
145	11719	218380
146	11976	218219
147	12053	218068
148	12238	218084
149	12412	217879
150	12529	217989
151	12820	218139
152	13017	218298
153	13222	218212
154	13360	217928
155	13498	218122
156	13693	218039
157	13828	218073
158	13857	218109
159	13835	218082
160	13943	217869
161	13963	217732
162	14089	217734
163	14097	217835
164	14250	217885
165	14206	217826
166	14214	217897
167	14155	217863
168	14162	217924
169	14219	218025
170	14249	217970
171	14256	217867
172	14209	217793
173	14059	217886
174	14079	217722
175	14098	217721
176	14062	217886
177	13997	217837
178	13957	217829
179	13855	217485
180	13618	217419
181	13445	217354
182	13259	217401
183	13022	217070
184	12848	216779
185	12595	216746
186	12268	216558
187	12029	216499
188	11869	216243
189	11592	216423
190	11307	216467
191	11104	216618
192	10764	216556
193	10443	216590
194	10261	216487
195	10045	216446
196	9856	216546
197	9557	216663
198	9360	216835
199	8990	216809
200	8789	216913
201	8573	217114
202	8454	217131
203	8223	217293
204	8042	217166
205	7763	217450
206	7625	217604
207	7398	217799
208	7274	217656
209	7173	217563
210	7027	217587
211	6868	217887
212	6795	218087
213	6727	218123
214	6516	218222
215	6443	218226
216	6316	217901
217	6069	217798
218	5968	217677
219	5879	217566
220	5620	217650
221	5561	217552
222	5441	217559
223	5296	217637
224	5270	217810
225	5261	217769
226	5207	217708
227	5069	217567
228	4918	217480
229	4879	217331
230	4723	217310
231	4660	217551
232	4483	217784
233	4280	217750
234	4055	217746
235	3932	217433
236	3716	217372
237	3531	217238
238	3314	217560
239	3071	217533
240	2853	217515
241	2608	217802
242	2355	218004
243	2120	218119
244	1875	218133
245	1637	217987
246	1476	218008
247	1315	218060
248	1138	217904
249	962	217833
250	826	217801
251	715	217624
252	615	217630
253	529	217762
254	452	218141
255	380	218176
256	326	218241
257	258	218402
258	197	218423
259	159	218348
260	120	218123
261	85	218022
262	63	217819
263	47	217700
264	34	217788
265	24	217714
266	14	217413
267	10	217614
268	7	217635
269	9	217734
270	8	217868
271	5	217798
272	4	217758
273	3	217727
274	1	217654
275	1	217824
276	1	217612
277	0	217518
278	0	217515
279	0	217588
280	0	217703
281	0	217676
282	0	217965
283	0	218011
284	0	218180
285	0	218051
286	0	218144
287	0	218321
288	0	218323
289	0	218408
290	0	218492
291	0	218293
292	0	218226
293	0	218336
294	0	218492
295	0	218592
296	0	218583
297	0	218546
298	0	218431
299	0	218394
300	0	218422
301	0	218443
302	0	218401
303	0	218438
304	0	218648
305	0	218491
306	0	218150
307	0	218036
308	0	218191
309	0	218231
310	0	218218
311	0	218022
312	0	217980
313	0	217884
314	0	217815
315	0	217838
316	0	217981
317	0	217977
318	0	217891
319	0	218007
320	0	218288
321	0	218170
322	0	218155
323	0	218137
324	0	218162
325	0	218212
326	0	218196
327	0	218073
328	0	217987
329	0	218107
330	0	218179
331	0	218193
332	0	218163
333	0	218079
334	0	217960
335	0	217610
336	0	217586
337	0	217583
338	0	217627
339	0	217535
340	0	217592
341	0	217630
342	0	217649
343	0	217648
344	0	217650
345	0	217655
346	0	217697
347	0	217796
348	0	217526
349	0	217636
350	0	217692
351	0	217809
352	0	217569
353	0	217472
354	0	217358
355	0	217391
356	0	217057
357	0	217191
358	0	217065
359	0	217278
360	0	217306
361	0	217489
362	0	217406
363	0	217354
364	0	217461
365	0	217457
366	0	217593
367	0	217535
368	0	217370
369	0	217169
370	0	217392
371	0	217656
372	0	217879
373	0	217847
374	0	218059
375	0	217913
376	0	218147
377	0	218514
378	0	218572
379	0	218606
380	0	218690
381	0	218465
382	0	218342
383	0	218425
384	0	218435
385	0	218329
386	0	218397
387	0	218297
388	0	218381
389	0	218376
390	0	218172
391	0	218200
392	0	217999
393	0	217901
394	0	217686
395	0	217668
396	0	217587
397	0	217829
398	0	217689
399	0	217733
400	0	217766
401	0	217921
402	0	217808
403	0	217846
404	0	217777
405	0	217805
406	0	217692
407	0	217696
408	0	217696
409	0	217754
410	0	217841
411	0	217913
412	0	218082
413	0	217985
414	0	217869
415	0	217926
416	0	217857
417	0	217720
418	0	217807
419	0	217736
420	0	217846
421	0	217935
422	0	217884
423	0	217573
424	0	217427
425	0	217505
426	0	217643
427	0	217494
428	0	217669
429	0	217694
430	0	217878
431	0	218039
432	0	217801
433	0	217861
434	0	217793
435	0	217830
436	0	217852
437	0	217718
438	11	217726
439	13	217794
440	18	217567
441	22	217519
442	35	217605
443	52	217496
444	63	217648
445	98	217754
446	124	218065
447	153	218132
448	207	217981
449	236	217957
450	291	218186
451	354	218348
452	438	218136
453	534	218251
454	648	218183
455	775	218305
456	887	218419
457	1078	218336
458	1290	218416
459	1528	218227
460	1711	218141
461	1915	218034
462	2173	218246
463	2392	218480
464	2602	218528
465	2814	218655
466	3106	218280
467	3262	218422
468	3497	218491
469	3673	218563
470	3890	218534
471	4103	218176
472	4275	218039
473	4530	218380
474	4708	218217
475	4947	218195
476	5218	218216
477	5465	218129
478	5744	217935
479	6093	218091
480	6294	218286
481	6548	218132
482	6867	218355
483	7044	218210
484	7287	218211
485	7504	218169
486	7788	218248
487	8115	218087
488	8345	218246
489	8622	218113
490	8901	218162
491	9133	218134
492	9416	217934
493	9643	218169
494	9817	217873
495	9895	217915
496	10111	217982
497	10254	217915
498	10477	217979
499	10615	218143
500	10839	218033
501	11048	218085
502	11294	217895
503	11648	217655
504	11811	217618
505	11988	217563
506	12292	217494
507	12451	217506
508	12628	217463
509	12839	217421
510	12990	217490
511	13089	217606
512	13216	217514
513	13226	217672
514	13288	217671
515	13458	217722
516	13600	217881
517	13725	217764
518	13977	217685
519	14073	217538
520	14053	217307
521	14167	217329
522	14117	217287
523	14140	217516
524	14137	217778
525	14198	217786
526	14397	217646
527	14364	217750
528	14406	217807
529	14410	217707
530	14452	217663
531	14342	217853
532	14231	217939
533	14302	217748
534	14287	217787
535	14293	217477
536	14255	217141
537	14156	217132
538	14087	216965
539	13875	216858
540	13741	216865
541	13508	216913
542	13360	217039
543	13210	216931
544	12981	217278
545	12673	217291
546	12462	217250
547	12174	217496
548	11945	217446
549	11676	217461
550	11361	217386
551	11291	217581
552	10982	217661
553	10862	217846
554	10662	217878
555	10519	217847
556	10372	217727
557	10194	217821
558	10049	217752
559	9903	217720
560	9681	217936
561	9579	217925
562	9395	217945
563	9192	217983
564	8860	217920
565	8675	217934
566	8321	217843
567	7995	217906
568	7592	217991
569	7263	217900
570	7029	217897
571	6876	217886
572	6694	217825
573	6506	217819
574	6395	217764
575	6213	217775
576	5973	217819
577	5752	217764
578	5574	217646
579	5359	217793
580	5137	217561
581	4896	217487
582	4722	217433
583	4620	217345
584	4461	217468
585	4337	217746
586	4192	217614
587	4056	217509
588	3901	217477
589	3746	217392
590	3593	217531
591	3500	217339
592	3389	217399
593	3259	217416
594	3162	217326
595	3051	217422
596	2998	217533
597	2865	217544
598	2844	217551
599	2764	217512
600	2660	217713
601	2535	217532
602	2379	217590
603	2250	217398
604	2094	217688
605	1949	217694
606	1816	217741
607	1706	217528
608	1554	217417
609	1424	217268
610	1297	217553
611	1186	217589
612	1073	217662
613	983	217641
614	848	217506
615	743	217572
616	668	217825
617	579	217793
618	485	217708
619	429	217687
620	365	217737
621	279	217780
622	232	217850
623	177	217863
624	128	217684
625	107	217519
626	78	217383
627	56	217646
628	45	218064
629	36	217952
630	25	217859
631	18	217813
632	12	217592
633	12	217835
634	9	217878
635	6	218142
636	3	218067
637	1	218354
638	1	218448
639	1	218407
640	1	218405
641	1	218581
642	0	218563
643	1	218656
644	1	218492
645	1	218393
646	0	218342
647	0	218312
648	0	218526
649	0	218509
650	0	218789
651	0	218994
652	0	219050
653	0	218832
654	0	218556
655	0	218460
656	0	218577
657	0	218555
658	0	218587
659	0	218535
660	0	218248
661	0	218383
662	0	218484
663	0	218316
664	0	218148
665	0	218144
666	0	218200
667	0	218318
668	0	218253
669	0	218024
670	0	217985
671	0	218063
672	0	218075
673	0	217970
674	0	217882
675	0	217874
676	0	217598
677	0	217714
678	0	217847
679	0	218098
680	0	217974
681	0	217832
682	0	217684
683	0	217724
684	0	217786
685	0	217598
686	0	217566
687	0	217821
688	0	217897
689	0	217916
690	0	218086
691	0	217758
692	0	217608
693	0	217688
694	0	217594
695	0	217787
696	0	217539
697	0	217461
698	0	217365
699	0	217483
700	0	217386
701	0	217298
702	0	217126
703	0	217252
704	0	217252
705	0	217490
706	0	217517
707	0	217696
708	0	217766
709	0	217878
710	0	217649
711	0	217811
712	0	217784
713	0	217902
714	0	217926
715	0	218008
716	0	217926
717	0	217923
718	0	217982
719	0	217993
720	0	217943
721	0	217760
722	0	217603
723	0	217654
724	0	217852
725	0	217937
726	0	217982
727	0	218130
728	0	217999
729	0	218000
730	0	217860
731	0	217747
732	0	217529
733	0	217415
734	0	217308
735	0	217231
736	0	217360
737	0	217236
738	0	217300
739	0	217560
740	0	217738
741	0	217747
742	0	217628
743	0	217554
744	0	217669
745	0	217531
746	0	217517
747	0	217236
748	0	217337
749	0	217553
750	0	217344
751	0	217333
752	0	217308
753	0	217534
754	0	217429
755	0	217515
756	0	217418
757	0	217529
758	0	217419
759	0	217315
760	0	217059
761	0	217334
762	0	217177
763	0	217235
764	0	217226
765	0	217350
766	0	217531
767	0	217631
768	0	217677
769	0	217624
770	0	217681
771	0	217736
772	0	217832
773	0	217810
774	0	217757
775	0	217715
776	0	217621
777	0	217573
778	0	217604
779	0	217423
780	0	217365
781	0	217213
782	0	217270
783	0	217258
784	0	217376
785	0	217465
786	0	217347
787	0	217253
788	0	217262
789	0	217365
790	0	217541
791	0	217800
792	0	217865
793	0	218025
794	0	218007
795	0	218115
796	0	217965
797	0	217992
798	0	217686
799	0	217813
800	0	217888
801	0	217938
802	0	218117
803	0	218297
804	0	218269
805	6	218165
806	13	218211
807	15	218266
808	22	218176
809	31	217947
810	39	217487
811	49	217553
812	73	217871
813	106	217574
814	133	217544
815	161	217550
816	218	217391
817	273	217182
818	355	217050
819	422	216912
820	525	216889
821	642	216779
822	754	216834
823	873	216812
824	1038	216786
825	1229	217072
826	1395	217289
827	1590	217419
828	1803	217485
829	2052	217695
830	2250	217797
831	2493	217951
832	2695	218027
833	2920	218155
834	3092	218166
835	3337	218079
836	3495	218164
837	3703	218250
838	3889	218172
839	3988	218081
840	4181	218066
841	4312	218299
842	4470	218390
843	4612	218357
844	4815	218398
845	4951	218366
846	5138	218512
847	5330	218269
848	5481	218234
849	5674	218184
850	5871	218199
851	6042	218219
852	6213	218047
853	6382	217880
854	6579	218078
855	6800	217863
856	7097	217943
857	7310	218157
858	7597	217916
859	7794	218159
860	7967	218051
861	7997	218216
862	8109	218034
863	8268	217953
864	8407	217751
865	8645	217791
866	8841	217860
867	8943	217756
868	9096	217831
869	9267	217797
870	9444	217704
871	9597	217871
872	9749	217906
873	9936	218034
874	9969	218225
875	10106	218042
876	10331	218160
877	10420	217931
878	10605	217851
879	10735	218049
880	10905	218195
881	11032	218246
882	11177	218164
883	11227	218085
884	11437	218077
885	11369	218126
886	11519	218003
887	11594	217974
888	11524	217810
889	11623	217758
890	11695	217537
891	11685	217746
892	11742	217829
893	11681	217818
894	11771	217986
895	11762	217967
896	11625	217846
897	11725	217789
898	11719	217787
899	11803	217949
900	11833	217916
901	11845	217890
902	11918	217847
903	11921	217824
904	11978	217885
905	12029	217940
906	12072	217665
907	12126	217658
908	12014	217723
909	11999	217792
910	12039	217594
911	11993	217644
912	11921	217793
913	11770	217998
914	11820	217971
915	11665	218344
916	11641	218307
917	11692	218258
918	11670	218208
919	11528	218137
920	11459	218172
921	11452	218245
922	11300	218214
923	11261	218123
924	11132	218136
925	10958	218328
926	10781	218232
927	10664	218172
928	10477	218396
929	10342	218278
930	10141	218097
931	9991	218029
932	9903	217889
933	9736	218089
934	9578	218015
935	9270	217884
936	9124	217851
937	8897	217833
938	8708	218019
939	8526	217951
940	8376	217857
941	8186	217756
942	8002	217694
943	7850	217589
944	7711	217575
945	7534	217524
946	7362	217445
947	7218	217622
948	7132	217499
949	7026	217448
950	6883	217568
951	6709	217648
952	6687	217629
953	6593	217573
954	6456	217674
955	6298	217652
956	6123	217582
957	5926	217568
958	5780	217672
959	5731	217579
960	5505	217663
961	5306	217782
962	5137	217770
963	4975	217844
964	4738	218050
965	4583	218169
966	4392	218069
967	4358	217892
968	4215	218016
969	4085	218162
970	3888	218264
971	3696	217876
972	3601	218123
973	3453	218184
974	3328	218051
975	3209	218196
976	3127	218238
977	2995	218285
978	2892	218113
979	2777	218044
980	2626	218143
981	2508	218137
982	2380	218233
983	2261	218023
984	2212	218120
985	2114	218017
986	2032	218051
987	1973	217913
988	1861	217867
989	1714	217788
990	1670	217905
991	1551	217701
992	1469	217714
993	1415	217880
994	1322	217668
995	1295	217942
996	1198	218073
997	1109	217932
998	1031	217856
999	971	217963
1000	921	218145
1001	847	218105
1002	786	218176
